# Camera list with one line of data per camera:
#   CAMERA_ID, MODEL, WIDTH, HEIGHT, PARAMS[]
# Number of cameras: 14
1 SIMPLE_RADIAL 768 1024 765.888 384 512 -0.0114444
2 SIMPLE_RADIAL 768 1024 763.965 384 512 0.00501512
3 SIMPLE_RADIAL 768 1024 762.276 384 512 -0.0111699
4 SIMPLE_RADIAL 768 1024 767.977 384 512 -0.00798043
5 SIMPLE_RADIAL 768 1024 765.028 384 512 -0.00409436
6 SIMPLE_RADIAL 768 1024 763.354 384 512 -0.00211301
7 SIMPLE_RADIAL 768 1024 780.747 384 512 0.013078
8 SIMPLE_RADIAL 768 1024 760.392 384 512 -0.0134039
9 SIMPLE_RADIAL 768 1024 773.721 384 512 -0.000605974
10 SIMPLE_RADIAL 768 1024 777.897 384 512 0.00429478
11 SIMPLE_RADIAL 768 1024 772.786 384 512 -0.0166096
12 SIMPLE_RADIAL 768 1024 769.486 384 512 -0.0023758
13 SIMPLE_RADIAL 768 1024 765.629 384 512 0.00797714
14 SIMPLE_RADIAL 768 1024 769.323 384 512 0.0152745
