# Camera list with one line of data per camera:
#   CAMERA_ID, MODEL, WIDTH, HEIGHT, PARAMS[]
# Number of cameras: 10
1 SIMPLE_RADIAL 1600 1200 1192.53 800 600 0.0131299
2 SIMPLE_RADIAL 1600 1200 1251.57 800 600 -0.00375993
3 SIMPLE_RADIAL 1600 1200 1218.28 800 600 0.0287324
4 SIMPLE_RADIAL 1600 1200 1201.27 800 600 0.00335594
5 SIMPLE_RADIAL 1600 1200 1241.16 800 600 0.00956806
6 SIMPLE_RADIAL 1600 1200 1228.72 800 600 0.0176484
7 SIMPLE_RADIAL 1600 1200 1215.01 800 600 0.00426358
8 SIMPLE_RADIAL 1600 1200 1270.03 800 600 -0.0113578
9 SIMPLE_RADIAL 1600 1200 1185.94 800 600 0.0134399
10 SIMPLE_RADIAL 1600 1200 1184.25 800 600 0.00026209
